"[[\"1\", \"73\", \"141\", \"206\", \"275\", \"61\", \"95\", \"137\", \"186\", \"223\", \"230\", \"313\", \"2202\", \"2172\", \"2032\", \"1950\", \"1975\", \"1024\", \"994\", \"949\", \"916\", \"818\", \"843\", \"771\", \"379\", \"289\", \"351\", \"440\", \"436\", \"406\", \"360\", \"292\", \"348\", \"348\", \"473\", \"376\", \"435\", \"522\", \"1186\", \"696\", \"594\", \"537\", \"588\", \"668\", \"717\", \"805\", \"828\", \"888\", \"935\", \"988\", \"1016\", \"1040\", \"1067\", \"2706\", \"2639\", \"1763\", \"1830\", \"1893\", \"2803\", \"2719\", \"1167\", \"1114\", \"1083\", \"990\", \"881\", \"645\", \"689\", \"927\", \"884\", \"847\", \"994\", \"1050\", \"1091\", \"1051\", \"2551\", \"2704\", \"2632\", \"2618\", \"2684\", \"2768\", \"1305\", \"1419\", \"2585\", \"2535\", \"2841\", \"2441\", \"2806\", \"2360\", \"2301\", \"2596\"], [\"73\", \"1\", \"69\", \"134\", \"203\", \"134\", \"167\", \"209\", \"258\", \"295\", \"302\", \"385\", \"1276\", \"1246\", \"1106\", \"1033\", \"1006\", \"952\", \"922\", \"877\", \"844\", \"746\", \"771\", \"699\", \"298\", \"217\", \"279\", \"359\", \"364\", \"334\", \"288\", \"220\", \"276\", \"276\", \"401\", \"304\", \"363\", \"450\", \"1114\", \"624\", \"522\", \"465\", \"516\", \"596\", \"645\", \"733\", \"756\", \"816\", \"863\", \"916\", \"944\", \"968\", \"995\", \"1060\", \"2711\", \"1835\", \"1902\", \"1965\", \"2875\", \"1211\", \"1095\", \"1042\", \"1011\", \"918\", \"809\", \"573\", \"617\", \"855\", \"812\", \"775\", \"922\", \"978\", \"1019\", \"979\", \"2623\", \"1165\", \"2704\", \"2690\", \"2756\", \"1303\", \"1233\", \"1347\", \"2657\", \"2607\", \"2913\", \"2513\", \"2878\", \"2432\", \"2373\", \"2668\"], [\"141\", \"69\", \"1\", \"65\", \"134\", \"209\", \"235\", \"277\", \"326\", \"363\", \"370\", \"453\", \"1207\", \"1177\", \"1037\", \"964\", \"937\", \"883\", \"853\", \"808\", \"775\", \"677\", \"702\", \"630\", \"229\", \"148\", \"210\", \"290\", \"295\", \"265\", \"219\", \"151\", \"207\", \"207\", \"332\", \"235\", \"294\", \"381\", \"1045\", \"555\", \"453\", \"396\", \"447\", \"527\", \"576\", \"664\", \"687\", \"747\", \"794\", \"847\", \"875\", \"899\", \"926\", \"991\", \"1060\", \"1903\", \"1970\", \"1034\", \"1224\", \"1142\", \"1026\", \"973\", \"942\", \"849\", \"740\", \"504\", \"548\", \"786\", \"743\", \"706\", \"853\", \"909\", \"950\", \"910\", \"2691\", \"1096\", \"1175\", \"1254\", \"1322\", \"1234\", \"1164\", \"1278\", \"2725\", \"2675\", \"2981\", \"2581\", \"2946\", \"2500\", \"2441\", \"1248\"], [\"206\", \"134\", \"65\", \"1\", \"75\", \"150\", \"184\", \"226\", \"275\", \"312\", \"319\", \"402\", \"1148\", \"1118\", \"978\", \"905\", \"878\", \"824\", \"794\", \"749\", \"716\", \"618\", \"643\", \"571\", \"164\", \"83\", \"145\", \"225\", \"236\", \"206\", \"160\", \"92\", \"148\", \"148\", \"273\", \"176\", \"235\", \"322\", \"986\", \"496\", \"394\", \"337\", \"388\", \"468\", \"517\", \"605\", \"628\", \"688\", \"735\", \"788\", \"816\", \"840\", \"867\", \"932\", \"1001\", \"1852\", \"1919\", \"975\", \"1165\", \"1083\", \"967\", \"914\", \"883\", \"790\", \"681\", \"445\", \"489\", \"727\", \"684\", \"647\", \"794\", \"850\", \"891\", \"851\", \"2640\", \"1037\", \"1116\", \"1195\", \"1263\", \"1175\", \"1105\", \"1219\", \"2674\", \"2624\", \"2930\", \"2530\", \"2895\", \"2449\", \"2390\", \"1189\"], [\"275\", \"203\", \"134\", \"75\", \"1\", \"75\", \"109\", \"151\", \"200\", \"237\", \"244\", \"327\", \"2216\", \"2186\", \"2046\", \"1964\", \"1989\", \"2049\", \"1129\", \"1084\", \"1051\", \"953\", \"978\", \"906\", \"393\", \"424\", \"486\", \"454\", \"571\", \"541\", \"495\", \"427\", \"483\", \"483\", \"608\", \"511\", \"570\", \"657\", \"1321\", \"831\", \"729\", \"672\", \"723\", \"803\", \"852\", \"940\", \"963\", \"1023\", \"1070\", \"1123\", \"1151\", \"2811\", \"2784\", \"2720\", \"2653\", \"1777\", \"1844\", \"1907\", \"2817\", \"2733\", \"2784\", \"1249\", \"1218\", \"1125\", \"1016\", \"780\", \"824\", \"1062\", \"1019\", \"982\", \"1129\", \"1185\", \"1226\", \"1186\", \"2565\", \"2718\", \"2646\", \"2632\", \"2698\", \"2782\", \"2848\", \"2968\", \"2599\", \"2549\", \"2855\", \"2455\", \"2820\", \"2374\", \"2315\", \"2610\"], [\"61\", \"134\", \"209\", \"150\", \"75\", \"1\", \"33\", \"75\", \"124\", \"161\", \"168\", \"251\", \"2140\", \"2110\", \"1970\", \"1888\", \"1913\", \"1973\", \"1056\", \"1011\", \"978\", \"880\", \"905\", \"833\", \"317\", \"351\", \"413\", \"378\", \"498\", \"468\", \"422\", \"354\", \"410\", \"410\", \"535\", \"438\", \"497\", \"584\", \"1248\", \"758\", \"656\", \"599\", \"650\", \"730\", \"779\", \"867\", \"890\", \"950\", \"997\", \"1050\", \"1078\", \"2735\", \"2708\", \"2644\", \"2577\", \"1701\", \"1768\", \"1831\", \"2741\", \"2657\", \"2708\", \"1176\", \"1145\", \"1052\", \"943\", \"707\", \"751\", \"989\", \"946\", \"909\", \"1056\", \"1112\", \"1153\", \"1113\", \"2489\", \"2642\", \"2570\", \"2556\", \"2622\", \"2706\", \"2772\", \"2892\", \"2523\", \"2473\", \"2779\", \"2379\", \"2744\", \"2298\", \"2239\", \"2534\"], [\"95\", \"167\", \"235\", \"184\", \"109\", \"33\", \"1\", \"40\", \"89\", \"126\", \"133\", \"216\", \"2105\", \"2075\", \"1935\", \"1853\", \"1878\", \"1938\", \"1970\", \"1045\", \"1012\", \"914\", \"939\", \"867\", \"282\", \"385\", \"447\", \"343\", \"532\", \"502\", \"456\", \"388\", \"444\", \"444\", \"569\", \"472\", \"531\", \"618\", \"1282\", \"792\", \"690\", \"633\", \"684\", \"764\", \"813\", \"901\", \"924\", \"984\", \"1031\", \"1973\", \"2001\", \"2700\", \"2673\", \"2609\", \"2542\", \"1666\", \"1733\", \"1796\", \"2706\", \"2622\", \"2673\", \"2714\", \"1179\", \"1086\", \"977\", \"741\", \"785\", \"1023\", \"980\", \"943\", \"1090\", \"1146\", \"1187\", \"2646\", \"2454\", \"2607\", \"2535\", \"2521\", \"2587\", \"2671\", \"2737\", \"2857\", \"2488\", \"2438\", \"2744\", \"2344\", \"2709\", \"2263\", \"2204\", \"2499\"], [\"137\", \"209\", \"277\", \"226\", \"151\", \"75\", \"40\", \"1\", \"49\", \"86\", \"93\", \"176\", \"2065\", \"2035\", \"1895\", \"1813\", \"1838\", \"1898\", \"1930\", \"1976\", \"1053\", \"955\", \"980\", \"908\", \"242\", \"426\", \"376\", \"303\", \"573\", \"543\", \"497\", \"429\", \"485\", \"485\", \"610\", \"513\", \"572\", \"659\", \"2863\", \"833\", \"731\", \"674\", \"725\", \"805\", \"854\", \"942\", \"965\", \"1025\", \"1072\", \"1933\", \"1961\", \"2660\", \"2633\", \"2569\", \"2502\", \"1626\", \"1693\", \"1756\", \"2666\", \"2582\", \"2633\", \"2674\", \"2704\", \"1127\", \"1018\", \"782\", \"826\", \"1064\", \"1021\", \"984\", \"2664\", \"2727\", \"2768\", \"2606\", \"2414\", \"2567\", \"2495\", \"2481\", \"2547\", \"2631\", \"2697\", \"2817\", \"2448\", \"2398\", \"2704\", \"2304\", \"2669\", \"2223\", \"2164\", \"2459\"], [\"186\", \"258\", \"326\", \"275\", \"200\", \"124\", \"89\", \"49\", \"1\", \"47\", \"45\", \"128\", \"2026\", \"1996\", \"1856\", \"1774\", \"1799\", \"1859\", \"1891\", \"1937\", \"1969\", \"1003\", \"1028\", \"956\", \"194\", \"264\", \"328\", \"255\", \"621\", \"591\", \"545\", \"477\", \"533\", \"533\", \"658\", \"561\", \"620\", \"707\", \"2824\", \"881\", \"779\", \"722\", \"773\", \"853\", \"902\", \"990\", \"1013\", \"1073\", \"1943\", \"1894\", \"1922\", \"2621\", \"2594\", \"2530\", \"2463\", \"1587\", \"1654\", \"1717\", \"2627\", \"2543\", \"2594\", \"2635\", \"2665\", \"1175\", \"1066\", \"830\", \"874\", \"1112\", \"1069\", \"1032\", \"2625\", \"2688\", \"2729\", \"2567\", \"2375\", \"2528\", \"2456\", \"2442\", \"2508\", \"2592\", \"2658\", \"2778\", \"2409\", \"2359\", \"2665\", \"2265\", \"2630\", \"2184\", \"2125\", \"2420\"], [\"223\", \"295\", \"363\", \"312\", \"237\", \"161\", \"126\", \"86\", \"47\", \"1\", \"91\", \"174\", \"1980\", \"1950\", \"1810\", \"1728\", \"1753\", \"1813\", \"1845\", \"1891\", \"1923\", \"2021\", \"1990\", \"993\", \"240\", \"310\", \"374\", \"301\", \"658\", \"628\", \"582\", \"514\", \"570\", \"570\", \"695\", \"598\", \"657\", \"744\", \"2778\", \"918\", \"816\", \"759\", \"810\", \"890\", \"939\", \"1027\", \"1050\", \"1944\", \"1897\", \"1848\", \"1876\", \"2575\", \"2548\", \"2484\", \"2417\", \"1541\", \"1608\", \"1671\", \"2581\", \"2497\", \"2548\", \"2589\", \"2619\", \"2713\", \"1103\", \"867\", \"911\", \"1149\", \"1106\", \"1069\", \"2579\", \"2642\", \"2683\", \"2521\", \"2329\", \"2482\", \"2410\", \"2396\", \"2462\", \"2546\", \"2612\", \"2732\", \"2363\", \"2313\", \"2619\", \"2219\", \"2584\", \"2138\", \"2079\", \"2374\"], [\"230\", \"302\", \"370\", \"319\", \"244\", \"168\", \"133\", \"93\", \"45\", \"91\", \"1\", \"83\", \"2070\", \"2040\", \"1900\", \"1818\", \"1843\", \"1903\", \"1935\", \"1981\", \"2013\", \"1047\", \"1072\", \"1000\", \"155\", \"225\", \"289\", \"216\", \"665\", \"635\", \"589\", \"521\", \"577\", \"577\", \"702\", \"605\", \"664\", \"751\", \"2868\", \"925\", \"823\", \"766\", \"817\", \"897\", \"946\", \"1034\", \"1057\", \"1117\", \"1987\", \"1938\", \"1966\", \"2665\", \"2638\", \"2574\", \"2507\", \"1631\", \"1698\", \"1761\", \"2671\", \"2587\", \"2638\", \"2679\", \"2709\", \"1219\", \"1110\", \"874\", \"918\", \"1156\", \"1113\", \"1076\", \"2669\", \"2732\", \"2773\", \"2611\", \"2419\", \"2572\", \"2500\", \"2486\", \"2552\", \"2636\", \"2702\", \"2822\", \"2453\", \"2403\", \"2709\", \"2309\", \"2674\", \"2228\", \"2169\", \"2464\"], [\"313\", \"385\", \"453\", \"402\", \"327\", \"251\", \"216\", \"176\", \"128\", \"174\", \"83\", \"1\", \"2153\", \"2123\", \"1983\", \"1901\", \"1926\", \"1986\", \"2018\", \"2064\", \"2096\", \"1130\", \"1155\", \"1083\", \"238\", \"308\", \"372\", \"299\", \"748\", \"718\", \"672\", \"604\", \"660\", \"660\", \"785\", \"688\", \"747\", \"834\", \"2951\", \"1008\", \"906\", \"849\", \"900\", \"980\", \"1029\", \"1117\", \"1140\", \"1200\", \"2070\", \"2021\", \"2049\", \"2748\", \"2721\", \"2657\", \"2590\", \"1714\", \"1781\", \"1844\", \"2754\", \"2670\", \"2721\", \"2762\", \"2792\", \"1302\", \"1193\", \"957\", \"1001\", \"1239\", \"1196\", \"1159\", \"2752\", \"2815\", \"2856\", \"2694\", \"2502\", \"2655\", \"2583\", \"2569\", \"2635\", \"2719\", \"2785\", \"2905\", \"2536\", \"2486\", \"2792\", \"2392\", \"2757\", \"2311\", \"2252\", \"2547\"], [\"2202\", \"1276\", \"1207\", \"1148\", \"2216\", \"2140\", \"2105\", \"2065\", \"2026\", \"1980\", \"2070\", \"2153\", \"1\", \"31\", \"172\", \"253\", \"269\", \"329\", \"361\", \"407\", \"439\", \"537\", \"506\", \"599\", \"342\", \"412\", \"476\", \"403\", \"852\", \"822\", \"776\", \"708\", \"764\", \"764\", \"889\", \"792\", \"851\", \"938\", \"1110\", \"976\", \"874\", \"812\", \"764\", \"680\", \"641\", \"544\", \"521\", \"460\", \"413\", \"364\", \"392\", \"416\", \"443\", \"508\", \"577\", \"439\", \"373\", \"323\", \"741\", \"663\", \"547\", \"588\", \"590\", \"712\", \"805\", \"831\", \"784\", \"747\", \"704\", \"667\", \"918\", \"974\", \"1015\", \"938\", \"1023\", \"613\", \"827\", \"906\", \"963\", \"1047\", \"1113\", \"1233\", \"939\", \"996\", \"1281\", \"2496\", \"1246\", \"2415\", \"2356\", \"769\"], [\"2172\", \"1246\", \"1177\", \"1118\", \"2186\", \"2110\", \"2075\", \"2035\", \"1996\", \"1950\", \"2040\", \"2123\", \"31\", \"1\", \"142\", \"223\", \"239\", \"299\", \"331\", \"377\", \"409\", \"507\", \"476\", \"569\", \"373\", \"443\", \"507\", \"434\", \"883\", \"853\", \"807\", \"739\", \"795\", \"795\", \"920\", \"823\", \"882\", \"969\", \"1080\", \"946\", \"844\", \"782\", \"734\", \"650\", \"611\", \"514\", \"491\", \"430\", \"383\", \"334\", \"362\", \"386\", \"413\", \"478\", \"547\", \"409\", \"343\", \"293\", \"711\", \"633\", \"517\", \"558\", \"560\", \"682\", \"775\", \"801\", \"754\", \"717\", \"674\", \"637\", \"888\", \"944\", \"985\", \"908\", \"993\", \"583\", \"797\", \"876\", \"933\", \"1017\", \"1083\", \"1203\", \"909\", \"966\", \"1251\", \"1075\", \"1216\", \"993\", \"2387\", \"739\"], [\"2032\", \"1106\", \"1037\", \"978\", \"2046\", \"1970\", \"1935\", \"1895\", \"1856\", \"1810\", \"1900\", \"1983\", \"172\", \"142\", \"1\", \"83\", \"99\", \"159\", \"191\", \"237\", \"269\", \"367\", \"336\", \"429\", \"513\", \"583\", \"647\", \"574\", \"742\", \"772\", \"819\", \"879\", \"935\", \"935\", \"939\", \"842\", \"901\", \"988\", \"940\", \"806\", \"704\", \"642\", \"594\", \"510\", \"471\", \"374\", \"351\", \"290\", \"243\", \"194\", \"222\", \"246\", \"273\", \"338\", \"407\", \"269\", \"203\", \"153\", \"571\", \"493\", \"377\", \"418\", \"420\", \"542\", \"635\", \"661\", \"614\", \"577\", \"534\", \"497\", \"748\", \"804\", \"845\", \"768\", \"853\", \"443\", \"657\", \"736\", \"793\", \"877\", \"943\", \"1063\", \"769\", \"826\", \"1111\", \"935\", \"1076\", \"853\", \"911\", \"599\"], [\"1950\", \"1033\", \"964\", \"905\", \"1964\", \"1888\", \"1853\", \"1813\", \"1774\", \"1728\", \"1818\", \"1901\", \"253\", \"223\", \"83\", \"1\", \"26\", \"86\", \"118\", \"164\", \"196\", \"294\", \"263\", \"356\", \"595\", \"665\", \"769\", \"656\", \"669\", \"699\", \"746\", \"812\", \"869\", \"869\", \"866\", \"769\", \"828\", \"915\", \"867\", \"733\", \"631\", \"569\", \"521\", \"437\", \"398\", \"301\", \"278\", \"217\", \"170\", \"121\", \"149\", \"173\", \"200\", \"265\", \"334\", \"187\", \"121\", \"71\", \"498\", \"420\", \"304\", \"345\", \"347\", \"469\", \"562\", \"588\", \"541\", \"504\", \"461\", \"424\", \"675\", \"731\", \"772\", \"695\", \"780\", \"370\", \"584\", \"663\", \"720\", \"804\", \"870\", \"990\", \"696\", \"753\", \"1038\", \"862\", \"1003\", \"780\", \"838\", \"526\"], [\"1975\", \"1006\", \"937\", \"878\", \"1989\", \"1913\", \"1878\", \"1838\", \"1799\", \"1753\", \"1843\", \"1926\", \"269\", \"239\", \"99\", \"26\", \"1\", \"61\", \"93\", \"139\", \"171\", \"269\", \"238\", \"331\", \"612\", \"682\", \"742\", \"673\", \"642\", \"672\", \"719\", \"785\", \"842\", \"842\", \"839\", \"742\", \"801\", \"888\", \"840\", \"706\", \"604\", \"542\", \"494\", \"410\", \"371\", \"274\", \"251\", \"190\", \"143\", \"94\", \"122\", \"146\", \"173\", \"238\", \"307\", \"213\", \"147\", \"97\", \"471\", \"393\", \"277\", \"318\", \"320\", \"442\", \"535\", \"561\", \"514\", \"477\", \"434\", \"397\", \"648\", \"704\", \"745\", \"668\", \"753\", \"343\", \"557\", \"636\", \"693\", \"777\", \"843\", \"963\", \"669\", \"726\", \"1011\", \"835\", \"976\", \"753\", \"811\", \"499\"], [\"1024\", \"952\", \"883\", \"824\", \"2049\", \"1973\", \"1938\", \"1898\", \"1859\", \"1813\", \"1903\", \"1986\", \"329\", \"299\", \"159\", \"86\", \"61\", \"1\", \"32\", \"78\", \"110\", \"208\", \"177\", \"270\", \"544\", \"614\", \"688\", \"605\", \"588\", \"618\", \"665\", \"731\", \"788\", \"788\", \"785\", \"688\", \"747\", \"834\", \"787\", \"652\", \"550\", \"488\", \"440\", \"356\", \"318\", \"220\", \"197\", \"136\", \"99\", \"155\", \"183\", \"207\", \"234\", \"299\", \"368\", \"272\", \"206\", \"156\", \"532\", \"454\", \"338\", \"379\", \"308\", \"400\", \"482\", \"507\", \"461\", \"423\", \"380\", \"343\", \"595\", \"651\", \"692\", \"652\", \"814\", \"404\", \"618\", \"697\", \"754\", \"838\", \"904\", \"1024\", \"730\", \"787\", \"1072\", \"896\", \"1037\", \"814\", \"872\", \"560\"], [\"994\", \"922\", \"853\", \"794\", \"1129\", \"1056\", \"1970\", \"1930\", \"1891\", \"1845\", \"1935\", \"2018\", \"361\", \"331\", \"191\", \"118\", \"93\", \"32\", \"1\", \"46\", \"78\", \"176\", \"145\", \"238\", \"512\", \"582\", \"657\", \"573\", \"557\", \"587\", \"634\", \"700\", \"757\", \"757\", \"754\", \"657\", \"716\", \"803\", \"755\", \"621\", \"519\", \"457\", \"409\", \"325\", \"286\", \"252\", \"229\", \"168\", \"131\", \"187\", \"215\", \"239\", \"266\", \"331\", \"400\", \"304\", \"238\", \"188\", \"564\", \"486\", \"370\", \"411\", \"340\", \"432\", \"450\", \"476\", \"429\", \"387\", \"344\", \"307\", \"563\", \"619\", \"660\", \"620\", \"846\", \"436\", \"650\", \"729\", \"786\", \"870\", \"874\", \"988\", \"762\", \"819\", \"1104\", \"928\", \"1069\", \"846\", \"904\", \"592\"], [\"949\", \"877\", \"808\", \"749\", \"1084\", \"1011\", \"1045\", \"1976\", \"1937\", \"1891\", \"1981\", \"2064\", \"407\", \"377\", \"237\", \"164\", \"139\", \"78\", \"46\", \"1\", \"33\", \"131\", \"100\", \"193\", \"467\", \"537\", \"612\", \"528\", \"512\", \"542\", \"589\", \"655\", \"712\", \"712\", \"709\", \"612\", \"671\", \"758\", \"710\", \"576\", \"474\", \"412\", \"364\", \"280\", \"241\", \"298\", \"275\", \"214\", \"177\", \"233\", \"261\", \"285\", \"312\", \"377\", \"446\", \"350\", \"284\", \"234\", \"610\", \"532\", \"416\", \"457\", \"386\", \"514\", \"405\", \"431\", \"384\", \"342\", \"299\", \"262\", \"518\", \"574\", \"615\", \"575\", \"892\", \"482\", \"696\", \"775\", \"832\", \"916\", \"829\", \"943\", \"808\", \"865\", \"1150\", \"974\", \"1115\", \"892\", \"950\", \"638\"], [\"916\", \"844\", \"775\", \"716\", \"1051\", \"978\", \"1012\", \"1053\", \"1969\", \"1923\", \"2013\", \"2096\", \"439\", \"409\", \"269\", \"196\", \"171\", \"110\", \"78\", \"33\", \"1\", \"99\", \"68\", \"161\", \"435\", \"505\", \"580\", \"496\", \"480\", \"510\", \"557\", \"623\", \"680\", \"680\", \"677\", \"580\", \"639\", \"726\", \"678\", \"544\", \"442\", \"380\", \"332\", \"248\", \"209\", \"297\", \"307\", \"246\", \"209\", \"265\", \"293\", \"317\", \"344\", \"409\", \"478\", \"382\", \"316\", \"266\", \"642\", \"564\", \"448\", \"489\", \"418\", \"482\", \"373\", \"399\", \"352\", \"310\", \"267\", \"230\", \"486\", \"542\", \"583\", \"543\", \"924\", \"514\", \"728\", \"807\", \"864\", \"867\", \"797\", \"911\", \"840\", \"897\", \"1182\", \"1006\", \"1147\", \"924\", \"982\", \"670\"], [\"818\", \"746\", \"677\", \"618\", \"953\", \"880\", \"914\", \"955\", \"1003\", \"2021\", \"1047\", \"1130\", \"537\", \"507\", \"367\", \"294\", \"269\", \"208\", \"176\", \"131\", \"99\", \"1\", \"129\", \"63\", \"337\", \"407\", \"482\", \"398\", \"382\", \"412\", \"459\", \"525\", \"582\", \"582\", \"579\", \"482\", \"541\", \"628\", \"580\", \"446\", \"344\", \"282\", \"234\", \"150\", \"111\", \"199\", \"222\", \"282\", \"307\", \"363\", \"391\", \"415\", \"442\", \"507\", \"576\", \"480\", \"414\", \"364\", \"740\", \"662\", \"546\", \"508\", \"477\", \"384\", \"275\", \"301\", \"254\", \"321\", \"278\", \"241\", \"388\", \"444\", \"485\", \"445\", \"1022\", \"612\", \"710\", \"789\", \"857\", \"769\", \"699\", \"813\", \"822\", \"879\", \"1175\", \"1104\", \"1140\", \"1022\", \"1791\", \"768\"], [\"843\", \"771\", \"702\", \"643\", \"978\", \"905\", \"939\", \"980\", \"1028\", \"1990\", \"1072\", \"1155\", \"506\", \"476\", \"336\", \"263\", \"238\", \"177\", \"145\", \"100\", \"68\", \"129\", \"1\", \"79\", \"465\", \"535\", \"507\", \"526\", \"407\", \"437\", \"484\", \"550\", \"607\", \"607\", \"604\", \"507\", \"566\", \"653\", \"605\", \"471\", \"369\", \"307\", \"259\", \"175\", \"136\", \"50\", \"73\", \"133\", \"180\", \"233\", \"261\", \"285\", \"312\", \"377\", \"446\", \"449\", \"383\", \"333\", \"610\", \"532\", \"416\", \"421\", \"389\", \"360\", \"300\", \"326\", \"279\", \"242\", \"199\", \"162\", \"413\", \"469\", \"510\", \"470\", \"892\", \"482\", \"696\", \"775\", \"832\", \"794\", \"724\", \"838\", \"808\", \"865\", \"1150\", \"974\", \"1115\", \"892\", \"950\", \"638\"], [\"771\", \"699\", \"630\", \"571\", \"906\", \"833\", \"867\", \"908\", \"956\", \"993\", \"1000\", \"1083\", \"599\", \"569\", \"429\", \"356\", \"331\", \"270\", \"238\", \"193\", \"161\", \"63\", \"79\", \"1\", \"388\", \"458\", \"435\", \"449\", \"335\", \"365\", \"412\", \"478\", \"535\", \"535\", \"532\", \"435\", \"494\", \"581\", \"533\", \"399\", \"297\", \"235\", \"187\", \"103\", \"64\", \"152\", \"175\", \"235\", \"282\", \"335\", \"363\", \"387\", \"414\", \"479\", \"548\", \"542\", \"476\", \"426\", \"719\", \"630\", \"514\", \"461\", \"430\", \"337\", \"228\", \"254\", \"207\", \"274\", \"231\", \"194\", \"341\", \"397\", \"438\", \"398\", \"990\", \"580\", \"663\", \"742\", \"810\", \"722\", \"652\", \"766\", \"775\", \"832\", \"1128\", \"1072\", \"1093\", \"990\", \"1744\", \"736\"], [\"379\", \"298\", \"229\", \"164\", \"393\", \"317\", \"282\", \"242\", \"194\", \"240\", \"155\", \"238\", \"342\", \"373\", \"513\", \"595\", \"612\", \"544\", \"512\", \"467\", \"435\", \"337\", \"465\", \"388\", \"1\", \"82\", \"146\", \"73\", \"243\", \"273\", \"320\", \"256\", \"312\", \"312\", \"437\", \"340\", \"399\", \"486\", \"783\", \"307\", \"205\", \"143\", \"185\", \"265\", \"314\", \"402\", \"425\", \"485\", \"532\", \"585\", \"613\", \"637\", \"664\", \"729\", \"798\", \"888\", \"822\", \"772\", \"962\", \"880\", \"764\", \"711\", \"680\", \"587\", \"478\", \"256\", \"300\", \"524\", \"481\", \"444\", \"591\", \"647\", \"688\", \"648\", \"2568\", \"834\", \"913\", \"992\", \"1060\", \"972\", \"902\", \"1016\", \"1025\", \"1082\", \"1378\", \"2458\", \"1343\", \"2377\", \"2318\", \"986\"], [\"289\", \"217\", \"148\", \"83\", \"424\", \"351\", \"385\", \"426\", \"264\", \"310\", \"225\", \"308\", \"412\", \"443\", \"583\", \"665\", \"682\", \"614\", \"582\", \"537\", \"505\", \"407\", \"535\", \"458\", \"82\", \"1\", \"74\", \"143\", \"164\", \"188\", \"243\", \"175\", \"231\", \"231\", \"356\", \"259\", \"318\", \"405\", \"853\", \"377\", \"275\", \"213\", \"255\", \"335\", \"384\", \"472\", \"495\", \"555\", \"602\", \"655\", \"683\", \"707\", \"734\", \"799\", \"868\", \"958\", \"892\", \"842\", \"1032\", \"950\", \"834\", \"781\", \"750\", \"657\", \"548\", \"326\", \"370\", \"594\", \"551\", \"514\", \"661\", \"717\", \"758\", \"718\", \"2723\", \"904\", \"983\", \"1062\", \"1130\", \"1042\", \"972\", \"1086\", \"1095\", \"2707\", \"1448\", \"2613\", \"1413\", \"2532\", \"2473\", \"1056\"], [\"351\", \"279\", \"210\", \"145\", \"486\", \"413\", \"447\", \"376\", \"328\", \"374\", \"289\", \"372\", \"476\", \"507\", \"647\", \"769\", \"742\", \"688\", \"657\", \"612\", \"580\", \"482\", \"507\", \"435\", \"146\", \"74\", \"1\", \"77\", \"100\", \"124\", \"171\", \"237\", \"294\", \"294\", \"291\", \"194\", \"253\", \"340\", \"787\", \"311\", \"209\", \"147\", \"189\", \"269\", \"318\", \"406\", \"429\", \"489\", \"536\", \"589\", \"617\", \"641\", \"668\", \"733\", \"802\", \"892\", \"826\", \"776\", \"966\", \"884\", \"768\", \"715\", \"684\", \"591\", \"482\", \"260\", \"304\", \"528\", \"485\", \"448\", \"595\", \"651\", \"692\", \"652\", \"1244\", \"838\", \"917\", \"996\", \"1064\", \"976\", \"906\", \"1020\", \"1029\", \"1086\", \"1382\", \"2592\", \"1347\", \"2511\", \"2452\", \"990\"], [\"440\", \"359\", \"290\", \"225\", \"454\", \"378\", \"343\", \"303\", \"255\", \"301\", \"216\", \"299\", \"403\", \"434\", \"574\", \"656\", \"673\", \"605\", \"573\", \"528\", \"496\", \"398\", \"526\", \"449\", \"73\", \"143\", \"77\", \"1\", \"170\", \"200\", \"247\", \"313\", \"370\", \"370\", \"367\", \"270\", \"329\", \"416\", \"710\", \"234\", \"132\", \"70\", \"112\", \"192\", \"241\", \"329\", \"352\", \"412\", \"459\", \"512\", \"540\", \"564\", \"591\", \"656\", \"725\", \"815\", \"749\", \"699\", \"889\", \"807\", \"691\", \"638\", \"607\", \"514\", \"405\", \"183\", \"227\", \"451\", \"408\", \"371\", \"518\", \"574\", \"615\", \"575\", \"1167\", \"761\", \"840\", \"919\", \"987\", \"899\", \"829\", \"943\", \"952\", \"1009\", \"1305\", \"2519\", \"1270\", \"2438\", \"2379\", \"913\"], [\"436\", \"364\", \"295\", \"236\", \"571\", \"498\", \"532\", \"573\", \"621\", \"658\", \"665\", \"748\", \"852\", \"883\", \"742\", \"669\", \"642\", \"588\", \"557\", \"512\", \"480\", \"382\", \"407\", \"335\", \"243\", \"164\", \"100\", \"170\", \"1\", \"30\", \"77\", \"143\", \"200\", \"200\", \"197\", \"100\", \"159\", \"246\", \"750\", \"260\", \"158\", \"101\", \"152\", \"232\", \"281\", \"369\", \"392\", \"452\", \"499\", \"552\", \"580\", \"604\", \"631\", \"696\", \"765\", \"855\", \"789\", \"739\", \"929\", \"847\", \"731\", \"678\", \"647\", \"554\", \"445\", \"209\", \"253\", \"491\", \"448\", \"411\", \"558\", \"614\", \"655\", \"615\", \"1207\", \"801\", \"880\", \"959\", \"1027\", \"939\", \"869\", \"983\", \"992\", \"1049\", \"1345\", \"1289\", \"1310\", \"1207\", \"2620\", \"953\"], [\"406\", \"334\", \"265\", \"206\", \"541\", \"468\", \"502\", \"543\", \"591\", \"628\", \"635\", \"718\", \"822\", \"853\", \"772\", \"699\", \"672\", \"618\", \"587\", \"542\", \"510\", \"412\", \"437\", \"365\", \"273\", \"188\", \"124\", \"200\", \"30\", \"1\", \"48\", \"114\", \"171\", \"171\", \"168\", \"71\", \"130\", \"217\", \"780\", \"290\", \"188\", \"131\", \"182\", \"262\", \"311\", \"399\", \"422\", \"482\", \"529\", \"582\", \"610\", \"634\", \"661\", \"726\", \"795\", \"885\", \"819\", \"769\", \"959\", \"877\", \"761\", \"708\", \"677\", \"584\", \"475\", \"239\", \"283\", \"521\", \"478\", \"441\", \"588\", \"644\", \"685\", \"645\", \"1237\", \"831\", \"910\", \"989\", \"1057\", \"969\", \"899\", \"1013\", \"1022\", \"1079\", \"1375\", \"2731\", \"1340\", \"2650\", \"2591\", \"983\"], [\"360\", \"288\", \"219\", \"160\", \"495\", \"422\", \"456\", \"497\", \"545\", \"582\", \"589\", \"672\", \"776\", \"807\", \"819\", \"746\", \"719\", \"665\", \"634\", \"589\", \"557\", \"459\", \"484\", \"412\", \"320\", \"243\", \"171\", \"247\", \"77\", \"48\", \"1\", \"67\", \"124\", \"124\", \"121\", \"24\", \"83\", \"170\", \"827\", \"337\", \"235\", \"178\", \"229\", \"309\", \"358\", \"446\", \"469\", \"529\", \"576\", \"629\", \"657\", \"681\", \"708\", \"773\", \"842\", \"932\", \"866\", \"816\", \"1006\", \"924\", \"808\", \"755\", \"724\", \"631\", \"522\", \"286\", \"330\", \"568\", \"525\", \"488\", \"635\", \"691\", \"732\", \"692\", \"1284\", \"878\", \"957\", \"1036\", \"1104\", \"1016\", \"946\", \"1060\", \"1069\", \"1126\", \"1422\", \"2684\", \"1387\", \"2603\", \"2544\", \"1030\"], [\"292\", \"220\", \"151\", \"92\", \"427\", \"354\", \"388\", \"429\", \"477\", \"514\", \"521\", \"604\", \"708\", \"739\", \"879\", \"812\", \"785\", \"731\", \"700\", \"655\", \"623\", \"525\", \"550\", \"478\", \"256\", \"175\", \"237\", \"313\", \"143\", \"114\", \"67\", \"1\", \"58\", \"58\", \"180\", \"83\", \"142\", \"229\", \"893\", \"403\", \"301\", \"244\", \"295\", \"375\", \"424\", \"512\", \"535\", \"595\", \"642\", \"695\", \"723\", \"747\", \"774\", \"839\", \"908\", \"998\", \"932\", \"882\", \"1072\", \"990\", \"874\", \"821\", \"790\", \"697\", \"588\", \"352\", \"396\", \"634\", \"591\", \"554\", \"701\", \"757\", \"798\", \"758\", \"2728\", \"944\", \"1023\", \"1102\", \"1170\", \"1082\", \"1012\", \"1126\", \"1135\", \"1192\", \"1488\", \"2618\", \"1453\", \"2537\", \"2478\", \"1096\"], [\"348\", \"276\", \"207\", \"148\", \"483\", \"410\", \"444\", \"485\", \"533\", \"570\", \"577\", \"660\", \"764\", \"795\", \"935\", \"869\", \"842\", \"788\", \"757\", \"712\", \"680\", \"582\", \"607\", \"535\", \"312\", \"231\", \"294\", \"370\", \"200\", \"171\", \"124\", \"58\", \"1\", \"1\", \"122\", \"131\", \"193\", \"277\", \"950\", \"460\", \"358\", \"301\", \"352\", \"432\", \"481\", \"569\", \"592\", \"652\", \"699\", \"752\", \"780\", \"804\", \"831\", \"896\", \"965\", \"1055\", \"989\", \"939\", \"1129\", \"1047\", \"931\", \"878\", \"847\", \"754\", \"645\", \"409\", \"453\", \"691\", \"648\", \"611\", \"758\", \"814\", \"855\", \"815\", \"2782\", \"1001\", \"1080\", \"1159\", \"1227\", \"1139\", \"1069\", \"1183\", \"1192\", \"1249\", \"1545\", \"2672\", \"1510\", \"2591\", \"2532\", \"1153\"], [\"348\", \"276\", \"207\", \"148\", \"483\", \"410\", \"444\", \"485\", \"533\", \"570\", \"577\", \"660\", \"764\", \"795\", \"935\", \"869\", \"842\", \"788\", \"757\", \"712\", \"680\", \"582\", \"607\", \"535\", \"312\", \"231\", \"294\", \"370\", \"200\", \"171\", \"124\", \"58\", \"1\", \"1\", \"122\", \"131\", \"193\", \"277\", \"950\", \"460\", \"358\", \"301\", \"352\", \"432\", \"481\", \"569\", \"592\", \"652\", \"699\", \"752\", \"780\", \"804\", \"831\", \"896\", \"965\", \"1055\", \"989\", \"939\", \"1129\", \"1047\", \"931\", \"878\", \"847\", \"754\", \"645\", \"409\", \"453\", \"691\", \"648\", \"611\", \"758\", \"814\", \"855\", \"815\", \"2782\", \"1001\", \"1080\", \"1159\", \"1227\", \"1139\", \"1069\", \"1183\", \"1192\", \"1249\", \"1545\", \"2672\", \"1510\", \"2591\", \"2532\", \"1153\"], [\"473\", \"401\", \"332\", \"273\", \"608\", \"535\", \"569\", \"610\", \"658\", \"695\", \"702\", \"785\", \"889\", \"920\", \"939\", \"866\", \"839\", \"785\", \"754\", \"709\", \"677\", \"579\", \"604\", \"532\", \"437\", \"356\", \"291\", \"367\", \"197\", \"168\", \"121\", \"180\", \"122\", \"122\", \"1\", \"99\", \"158\", \"245\", \"947\", \"457\", \"355\", \"298\", \"349\", \"429\", \"478\", \"566\", \"589\", \"649\", \"696\", \"749\", \"777\", \"801\", \"828\", \"893\", \"962\", \"1052\", \"986\", \"936\", \"1126\", \"1044\", \"928\", \"875\", \"844\", \"751\", \"642\", \"406\", \"450\", \"688\", \"645\", \"608\", \"755\", \"811\", \"852\", \"812\", \"2907\", \"998\", \"1077\", \"1156\", \"1224\", \"1136\", \"1066\", \"1180\", \"1189\", \"1246\", \"1542\", \"2797\", \"1507\", \"2716\", \"2657\", \"1150\"], [\"376\", \"304\", \"235\", \"176\", \"511\", \"438\", \"472\", \"513\", \"561\", \"598\", \"605\", \"688\", \"792\", \"823\", \"842\", \"769\", \"742\", \"688\", \"657\", \"612\", \"580\", \"482\", \"507\", \"435\", \"340\", \"259\", \"194\", \"270\", \"100\", \"71\", \"24\", \"83\", \"131\", \"131\", \"99\", \"1\", \"59\", \"146\", \"851\", \"361\", \"259\", \"202\", \"253\", \"333\", \"382\", \"470\", \"493\", \"553\", \"600\", \"653\", \"681\", \"705\", \"732\", \"797\", \"866\", \"956\", \"890\", \"840\", \"1030\", \"948\", \"832\", \"779\", \"748\", \"655\", \"546\", \"310\", \"354\", \"592\", \"549\", \"512\", \"659\", \"715\", \"756\", \"716\", \"2811\", \"902\", \"981\", \"1060\", \"1128\", \"1040\", \"970\", \"1084\", \"1093\", \"1150\", \"1446\", \"2701\", \"1411\", \"2620\", \"2561\", \"1054\"], [\"435\", \"363\", \"294\", \"235\", \"570\", \"497\", \"531\", \"572\", \"620\", \"657\", \"664\", \"747\", \"851\", \"882\", \"901\", \"828\", \"801\", \"747\", \"716\", \"671\", \"639\", \"541\", \"566\", \"494\", \"399\", \"318\", \"253\", \"329\", \"159\", \"130\", \"83\", \"142\", \"193\", \"193\", \"158\", \"59\", \"1\", \"85\", \"911\", \"421\", \"319\", \"262\", \"313\", \"393\", \"442\", \"530\", \"553\", \"613\", \"660\", \"713\", \"741\", \"765\", \"792\", \"857\", \"926\", \"1016\", \"950\", \"900\", \"1090\", \"1008\", \"892\", \"839\", \"808\", \"715\", \"606\", \"370\", \"414\", \"652\", \"609\", \"572\", \"719\", \"775\", \"816\", \"776\", \"2871\", \"962\", \"1041\", \"1120\", \"1188\", \"1100\", \"1030\", \"1144\", \"1153\", \"1210\", \"1506\", \"2761\", \"1471\", \"2680\", \"2621\", \"1114\"], [\"522\", \"450\", \"381\", \"322\", \"657\", \"584\", \"618\", \"659\", \"707\", \"744\", \"751\", \"834\", \"938\", \"969\", \"988\", \"915\", \"888\", \"834\", \"803\", \"758\", \"726\", \"628\", \"653\", \"581\", \"486\", \"405\", \"340\", \"416\", \"246\", \"217\", \"170\", \"229\", \"277\", \"277\", \"245\", \"146\", \"85\", \"1\", \"996\", \"506\", \"404\", \"347\", \"398\", \"478\", \"527\", \"615\", \"638\", \"698\", \"745\", \"798\", \"826\", \"850\", \"877\", \"942\", \"1011\", \"1101\", \"1035\", \"985\", \"1175\", \"1093\", \"977\", \"924\", \"893\", \"800\", \"691\", \"455\", \"499\", \"737\", \"694\", \"657\", \"804\", \"860\", \"901\", \"861\", \"2956\", \"1047\", \"1126\", \"1205\", \"1273\", \"1185\", \"1115\", \"1229\", \"1238\", \"1295\", \"1591\", \"2846\", \"1556\", \"2765\", \"2706\", \"1199\"], [\"1186\", \"1114\", \"1045\", \"986\", \"1321\", \"1248\", \"1282\", \"2863\", \"2824\", \"2778\", \"2868\", \"2951\", \"1110\", \"1080\", \"940\", \"867\", \"840\", \"787\", \"755\", \"710\", \"678\", \"580\", \"605\", \"533\", \"783\", \"853\", \"787\", \"710\", \"750\", \"780\", \"827\", \"893\", \"950\", \"950\", \"947\", \"851\", \"911\", \"996\", \"1\", \"814\", \"712\", \"650\", \"602\", \"518\", \"479\", \"567\", \"590\", \"650\", \"697\", \"750\", \"744\", \"768\", \"1939\", \"1875\", \"1808\", \"1794\", \"1861\", \"1924\", \"796\", \"707\", \"591\", \"538\", \"507\", \"414\", \"305\", \"669\", \"327\", \"529\", \"566\", \"609\", \"200\", \"137\", \"95\", \"257\", \"1461\", \"594\", \"522\", \"601\", \"658\", \"581\", \"511\", \"625\", \"634\", \"1445\", \"976\", \"1351\", \"941\", \"1270\", \"1211\", \"1506\"], [\"696\", \"624\", \"555\", \"496\", \"831\", \"758\", \"792\", \"833\", \"881\", \"918\", \"925\", \"1008\", \"976\", \"946\", \"806\", \"733\", \"706\", \"652\", \"621\", \"576\", \"544\", \"446\", \"471\", \"399\", \"307\", \"377\", \"311\", \"234\", \"260\", \"290\", \"337\", \"403\", \"460\", \"460\", \"457\", \"361\", \"421\", \"506\", \"814\", \"1\", \"102\", \"165\", \"216\", \"296\", \"345\", \"433\", \"456\", \"516\", \"563\", \"616\", \"644\", \"668\", \"695\", \"760\", \"829\", \"919\", \"853\", \"803\", \"993\", \"911\", \"795\", \"742\", \"711\", \"618\", \"509\", \"153\", \"197\", \"555\", \"512\", \"475\", \"622\", \"678\", \"719\", \"679\", \"1271\", \"865\", \"944\", \"1023\", \"1091\", \"1003\", \"933\", \"1047\", \"1056\", \"1113\", \"1409\", \"1353\", \"1374\", \"1271\", \"2025\", \"1017\"], [\"594\", \"522\", \"453\", \"394\", \"729\", \"656\", \"690\", \"731\", \"779\", \"816\", \"823\", \"906\", \"874\", \"844\", \"704\", \"631\", \"604\", \"550\", \"519\", \"474\", \"442\", \"344\", \"369\", \"297\", \"205\", \"275\", \"209\", \"132\", \"158\", \"188\", \"235\", \"301\", \"358\", \"358\", \"355\", \"259\", \"319\", \"404\", \"712\", \"102\", \"1\", \"64\", \"112\", \"195\", \"244\", \"332\", \"355\", \"415\", \"462\", \"515\", \"543\", \"567\", \"594\", \"659\", \"728\", \"818\", \"752\", \"702\", \"892\", \"810\", \"694\", \"641\", \"610\", \"517\", \"408\", \"50\", \"94\", \"454\", \"411\", \"374\", \"521\", \"577\", \"618\", \"578\", \"1170\", \"764\", \"843\", \"922\", \"990\", \"902\", \"832\", \"946\", \"955\", \"1012\", \"1308\", \"1252\", \"1273\", \"1170\", \"1924\", \"916\"], [\"537\", \"465\", \"396\", \"337\", \"672\", \"599\", \"633\", \"674\", \"722\", \"759\", \"766\", \"849\", \"812\", \"782\", \"642\", \"569\", \"542\", \"488\", \"457\", \"412\", \"380\", \"282\", \"307\", \"235\", \"143\", \"213\", \"147\", \"70\", \"101\", \"131\", \"178\", \"244\", \"301\", \"301\", \"298\", \"202\", \"262\", \"347\", \"650\", \"165\", \"64\", \"1\", \"52\", \"132\", \"181\", \"269\", \"292\", \"352\", \"399\", \"452\", \"480\", \"504\", \"531\", \"596\", \"665\", \"755\", \"689\", \"639\", \"829\", \"747\", \"631\", \"578\", \"547\", \"454\", \"345\", \"114\", \"158\", \"391\", \"348\", \"311\", \"458\", \"514\", \"555\", \"515\", \"1107\", \"701\", \"780\", \"859\", \"927\", \"839\", \"769\", \"883\", \"892\", \"949\", \"1245\", \"1189\", \"1210\", \"1107\", \"1861\", \"853\"], [\"588\", \"516\", \"447\", \"388\", \"723\", \"650\", \"684\", \"725\", \"773\", \"810\", \"817\", \"900\", \"764\", \"734\", \"594\", \"521\", \"494\", \"440\", \"409\", \"364\", \"332\", \"234\", \"259\", \"187\", \"185\", \"255\", \"189\", \"112\", \"152\", \"182\", \"229\", \"295\", \"352\", \"352\", \"349\", \"253\", \"313\", \"398\", \"602\", \"216\", \"112\", \"52\", \"1\", \"84\", \"133\", \"221\", \"244\", \"304\", \"351\", \"404\", \"432\", \"456\", \"483\", \"548\", \"617\", \"707\", \"641\", \"591\", \"781\", \"699\", \"583\", \"530\", \"499\", \"406\", \"297\", \"68\", \"112\", \"343\", \"300\", \"263\", \"410\", \"466\", \"507\", \"467\", \"1059\", \"653\", \"732\", \"811\", \"879\", \"791\", \"721\", \"835\", \"844\", \"901\", \"1197\", \"1141\", \"1162\", \"1059\", \"1813\", \"805\"], [\"668\", \"596\", \"527\", \"468\", \"803\", \"730\", \"764\", \"805\", \"853\", \"890\", \"897\", \"980\", \"680\", \"650\", \"510\", \"437\", \"410\", \"356\", \"325\", \"280\", \"248\", \"150\", \"175\", \"103\", \"265\", \"335\", \"269\", \"192\", \"232\", \"262\", \"309\", \"375\", \"432\", \"432\", \"429\", \"333\", \"393\", \"478\", \"518\", \"296\", \"195\", \"132\", \"84\", \"1\", \"49\", \"137\", \"160\", \"220\", \"267\", \"320\", \"348\", \"372\", \"399\", \"464\", \"533\", \"623\", \"557\", \"507\", \"697\", \"615\", \"499\", \"446\", \"415\", \"322\", \"213\", \"151\", \"192\", \"259\", \"216\", \"179\", \"326\", \"382\", \"423\", \"383\", \"975\", \"569\", \"648\", \"727\", \"795\", \"707\", \"637\", \"751\", \"760\", \"817\", \"1113\", \"1057\", \"1078\", \"975\", \"1729\", \"721\"], [\"717\", \"645\", \"576\", \"517\", \"852\", \"779\", \"813\", \"854\", \"902\", \"939\", \"946\", \"1029\", \"641\", \"611\", \"471\", \"398\", \"371\", \"318\", \"286\", \"241\", \"209\", \"111\", \"136\", \"64\", \"314\", \"384\", \"318\", \"241\", \"281\", \"311\", \"358\", \"424\", \"481\", \"481\", \"478\", \"382\", \"442\", \"527\", \"479\", \"345\", \"244\", \"181\", \"133\", \"49\", \"1\", \"98\", \"121\", \"181\", \"228\", \"281\", \"309\", \"333\", \"360\", \"425\", \"494\", \"584\", \"518\", \"468\", \"665\", \"576\", \"460\", \"407\", \"376\", \"283\", \"174\", \"200\", \"153\", \"211\", \"168\", \"131\", \"287\", \"343\", \"384\", \"344\", \"936\", \"530\", \"609\", \"688\", \"756\", \"668\", \"598\", \"712\", \"721\", \"778\", \"1074\", \"1018\", \"1039\", \"936\", \"1690\", \"682\"], [\"805\", \"733\", \"664\", \"605\", \"940\", \"867\", \"901\", \"942\", \"990\", \"1027\", \"1034\", \"1117\", \"544\", \"514\", \"374\", \"301\", \"274\", \"220\", \"252\", \"298\", \"297\", \"199\", \"50\", \"152\", \"402\", \"472\", \"406\", \"329\", \"369\", \"399\", \"446\", \"512\", \"569\", \"569\", \"566\", \"470\", \"530\", \"615\", \"567\", \"433\", \"332\", \"269\", \"221\", \"137\", \"98\", \"1\", \"24\", \"84\", \"131\", \"184\", \"212\", \"236\", \"263\", \"328\", \"397\", \"487\", \"421\", \"371\", \"561\", \"483\", \"367\", \"372\", \"340\", \"311\", \"262\", \"288\", \"241\", \"204\", \"161\", \"124\", \"375\", \"431\", \"472\", \"432\", \"843\", \"433\", \"647\", \"726\", \"783\", \"756\", \"686\", \"800\", \"759\", \"816\", \"1101\", \"925\", \"1066\", \"843\", \"901\", \"589\"], [\"828\", \"756\", \"687\", \"628\", \"963\", \"890\", \"924\", \"965\", \"1013\", \"1050\", \"1057\", \"1140\", \"521\", \"491\", \"351\", \"278\", \"251\", \"197\", \"229\", \"275\", \"307\", \"222\", \"73\", \"175\", \"425\", \"495\", \"429\", \"352\", \"392\", \"422\", \"469\", \"535\", \"592\", \"592\", \"589\", \"493\", \"553\", \"638\", \"590\", \"456\", \"355\", \"292\", \"244\", \"160\", \"121\", \"24\", \"1\", \"61\", \"108\", \"161\", \"189\", \"213\", \"240\", \"305\", \"374\", \"464\", \"398\", \"348\", \"538\", \"460\", \"344\", \"349\", \"317\", \"288\", \"285\", \"311\", \"264\", \"227\", \"184\", \"147\", \"398\", \"454\", \"495\", \"455\", \"820\", \"410\", \"624\", \"703\", \"760\", \"779\", \"709\", \"823\", \"736\", \"793\", \"1078\", \"902\", \"1043\", \"820\", \"878\", \"566\"], [\"888\", \"816\", \"747\", \"688\", \"1023\", \"950\", \"984\", \"1025\", \"1073\", \"1944\", \"1117\", \"1200\", \"460\", \"430\", \"290\", \"217\", \"190\", \"136\", \"168\", \"214\", \"246\", \"282\", \"133\", \"235\", \"485\", \"555\", \"489\", \"412\", \"452\", \"482\", \"529\", \"595\", \"652\", \"652\", \"649\", \"553\", \"613\", \"698\", \"650\", \"516\", \"415\", \"352\", \"304\", \"220\", \"181\", \"84\", \"61\", \"1\", \"47\", \"100\", \"128\", \"152\", \"179\", \"244\", \"313\", \"403\", \"337\", \"287\", \"477\", \"399\", \"283\", \"288\", \"256\", \"237\", \"345\", \"371\", \"324\", \"287\", \"244\", \"207\", \"458\", \"514\", \"555\", \"515\", \"759\", \"349\", \"563\", \"642\", \"699\", \"783\", \"769\", \"883\", \"675\", \"732\", \"1017\", \"841\", \"982\", \"759\", \"817\", \"505\"], [\"935\", \"863\", \"794\", \"735\", \"1070\", \"997\", \"1031\", \"1072\", \"1943\", \"1897\", \"1987\", \"2070\", \"413\", \"383\", \"243\", \"170\", \"143\", \"99\", \"131\", \"177\", \"209\", \"307\", \"180\", \"282\", \"532\", \"602\", \"536\", \"459\", \"499\", \"529\", \"576\", \"642\", \"