
const inf = 100000
function Graph() {
    this.d = []

    this.TSP = function (n) {
        var tmpmax = 1<<n
        let f = []
        for(let i=0;i<tmpmax;f++){
            f[i] = new Array(n)
        }
        console.log(f[0])
        var smax = (1 << n) - 1
        for(let i=0;i<=smax;i++){
            for(let j=0;j<n;j++){
                f[i][j] = inf
            }
        }
        f[smax][0] = 0
        for (let i = smax - 1; i >= 0; i -= 1) {
            for (let j = 0; j < n; j++) {
                for (let k = 0; k < n; k++) {
                    if (!(i >> k & 1) && j != k) {
                        f[i][j] = min(f[i][j], f[1 << k | i][k] + this.d[j][k])
                    }
                }
            }
        }
        // console.log(f)
        console.log(f[0][0])
    }
    // this.init = function(x) {
    //     for(let i=0;i< this.kmax;i++) {
    //         f[x][i] = 0
    //     }
    // }
}

function min(a, b) {
    if (a < b) {
        return a
    }
    return b
}
let g = new Graph()
g.d = [
    [0, 229.40779088461468, 249.1712605799956, 420.8462627023142, 576.9508042176178, 637.46993253896, 460.67247602393076, 334.23023998404864],
    [229.40779088461468, 0, 343.00488399625243, 480.74329453142434, 559.2961869278521, 518.394144117805, 333.31071557792086, 161.15374422836874],
    [249.1712605799956, 343.00488399625243, 0, 171.78045096501228, 347.2918193113025, 482.2553963168483, 348.02180472010195, 325.3846815005742],
    [420.8462627023142, 480.74329453142434, 171.78045096501228, 0, 209.75263845809252, 422.4519127238086, 353.9486025650966, 411.5222755440846],
    [576.9508042176178, 559.2961869278521, 347.2918193113025, 209.75263845809252, 0, 265.81111390610977, 296.94563591969404, 434.9153692315551],
    [637.46993253896, 518.394144117805, 482.2553963168483, 422.4519127238086, 265.81111390610977, 0, 185.9366052501453, 358.37981009362676],
    [460.67247602393076, 333.31071557792086, 348.02180472010195, 353.9486025650966, 296.94563591969404, 185.9366052501453, 0, 175.25357081236257],
    [334.23023998404864, 161.15374422836874, 325.3846815005742, 411.5222755440846, 434.9153692315551, 358.37981009362676, 175.25357081236257, 0]

]
//g.TSP(g.d.length)


let dict = {}
dict[0] =11
console.log(dict[1])

var ccc = [1,2,3]

var d= ccc.slice()
ccc = 10
console.log(d)
